235 1 1
118 2 1
48 3 1
110 4 1
131 5 1
193 6 1
86 7 1
227 8 1
9 8 1
10 24 1
12 11 1
117 12 1
125 13 1
180 14 1
41 15 1
214 16 1
116 17 1
96 18 1
201 19 1
32 20 1
205 21 1
22 12 1
159 23 1
188 24 1
120 25 1
165 26 1
27 7 1
50 28 1
29 18 1
157 30 1
31 23 1
234 32 1
168 33 1
42 34 1
232 35 1
36 58 1
132 37 1
134 38 1
119 39 1
40 37 1
202 41 1
210 42 1
103 43 1
207 44 1
45 242 1
64 46 1
47 136 1
122 48 1
149 49 1
50 15 1
100 51 1
52 33 1
223 53 1
167 54 1
190 55 1
114 56 1
78 57 1
141 58 1
162 59 1
60 161 1
233 61 1
108 62 1
63 54 1
168 64 1
65 63 1
246 66 1
226 67 1
228 68 1
69 35 1
219 70 1
71 142 1
158 72 1
145 73 1
140 74 1
199 75 1
76 161 1
216 77 1
181 78 1
79 243 1
197 80 1
138 81 1
82 45 1
191 83 1
84 40 1
93 85 1
86 51 1
136 87 1
88 81 1
89 35 1
127 90 1
238 91 1
150 92 1
93 54 1
99 94 1
123 95 1
96 68 1
129 97 1
98 165 1
99 91 1
236 100 1
102 101 1
106 102 1
103 66 1
104 95 1
105 200 1
77 106 1
192 107 1
183 108 1
109 94 1
110 30 1
245 111 1
137 112 1
171 113 1
203 114 1
57 115 1
125 116 1
208 117 1
118 110 1
126 119 1
120 79 1
181 121 1
122 9 1
123 109 1
124 102 1
135 125 1
145 126 1
127 49 1
166 128 1
129 26 1
130 32 1
189 131 1
132 34 1
133 130 1
134 9 1
135 3 1
144 136 1
137 65 1
138 27 1
133 139 1
142 140 1
143 141 1
142 114 1
229 143 1
200 144 1
145 113 1
146 115 1
148 147 1
222 148 1
202 149 1
150 68 1
151 118 1
152 148 1
153 3 1
154 130 1
172 155 1
163 156 1
157 146 1
158 107 1
159 58 1
160 21 1
161 66 1
227 162 1
184 163 1
215 164 1
165 231 1
166 97 1
167 62 1
168 187 1
170 169 1
170 81 1
171 59 1
172 104 1
173 60 1
174 1 1
195 175 1
176 3 1
177 175 1
178 75 1
179 69 1
180 133 1
181 87 1
182 134 1
183 102 1
184 74 1
185 24 1
186 176 1
237 187 1
188 17 1
155 189 1
195 190 1
212 191 1
192 140 1
193 99 1
218 194 1
196 195 1
196 10 1
197 43 1
198 185 1
199 196 1
200 166 1
201 78 1
202 53 1
203 131 1
220 204 1
205 76 1
206 160 1
207 22 1
208 100 1
209 141 1
210 77 1
211 20 1
212 82 1
213 96 1
245 214 1
215 156 1
216 204 1
242 217 1
218 76 1
219 94 1
220 83 1
221 45 1
222 139 1
223 88 1
224 88 1
225 149 1
226 150 1
227 0 1
228 47 1
229 85 1
230 72 1
231 152 1
232 187 1
233 67 1
234 127 1
235 75 1
236 235 1
237 38 1
238 31 1
239 186 1
240 194 1
241 220 1
242 55 1
243 193 1
244 84 1
245 13 1
246 179 1
